[gd_scene load_steps=9 format=2]

[ext_resource path="res://Materials/base levels/surfaces/Non-buildable Surface.tres" type="Material" id=1]
[ext_resource path="res://Scenes/Levels/cosmetics/SpotLight6.tscn" type="PackedScene" id=2]
[ext_resource path="res://Scenes/Player/NewFPS.tscn" type="PackedScene" id=3]
[ext_resource path="res://Scenes/Levels/blocks/Buildable Surface.tscn" type="PackedScene" id=4]
[ext_resource path="res://Scenes/Levels/blocks/Non-Buildable Surface.tscn" type="PackedScene" id=5]
[ext_resource path="res://Scenes/Levels/blocks/Lava.tscn" type="PackedScene" id=6]
[ext_resource path="res://Scenes/Levels/blocks/Fall-based Buildable Body.tscn" type="PackedScene" id=7]
[ext_resource path="res://Scripts/levels/testLevel.gd" type="Script" id=8]

[node name="testLevel" type="Spatial"]
script = ExtResource( 8 )

[node name="CSGCombiner" type="CSGCombiner" parent="."]
use_collision = true

[node name="CSGBox" type="CSGBox" parent="CSGCombiner" groups=[
"floor",
]]
width = 20.0
depth = 20.0
material = ExtResource( 1 )

[node name="CSGBox4" type="CSGBox" parent="CSGCombiner" groups=[
"floor",
]]
transform = Transform( 1, 0, 0, 0, 1, 0, 0, 0, 1, -50, 0, 0 )
width = 20.0
depth = 20.0
material = ExtResource( 1 )

[node name="CSGBox2" type="CSGBox" parent="CSGCombiner" groups=[
"wall",
]]
transform = Transform( 1, 0, 0, 0, 1, 0, 0, 0, 1, -21, 4, 5 )
width = 12.0
height = 6.0
material = ExtResource( 1 )

[node name="CSGBox3" type="CSGBox" parent="CSGCombiner" groups=[
"wall",
]]
transform = Transform( 1, 0, 0, 0, 1, 0, 0, 0, 1, -32, 4, -3 )
width = 12.0
height = 6.0
material = ExtResource( 1 )

[node name="CSGBox5" type="CSGBox" parent="CSGCombiner"]
transform = Transform( 1, 0, 0, 0, 1, 0, 0, 0, 1, 0, 8, -11 )
width = 10.0
depth = 10.0
material = ExtResource( 1 )

[node name="CSGBox6" type="CSGBox" parent="CSGCombiner"]
transform = Transform( 1, 0, 0, 0, -0.866025, 0.5, 0, -0.5, -0.866025, 0, 2, -14 )
width = 10.0
depth = 10.0
material = ExtResource( 1 )

[node name="lights" type="Spatial" parent="."]

[node name="SpotLight9" parent="lights" instance=ExtResource( 2 )]
transform = Transform( -0.707107, 0, 0.707107, 0, 1, 0, -0.707107, 0, -0.707107, 15, 4, -12 )
spot_range = 100.0

[node name="SpotLight8" parent="lights" instance=ExtResource( 2 )]
transform = Transform( -0.707107, 0, -0.707107, 0, 1, 0, 0.707107, 0, -0.707107, -12, 2, -12 )
spot_range = 100.0

[node name="SpotLight7" parent="lights" instance=ExtResource( 2 )]
transform = Transform( 0.707107, 0, -0.707107, 0, 1, 0, 0.707107, 0, 0.707107, -12, 2, 12 )
spot_range = 100.0

[node name="SpotLight6" parent="lights" instance=ExtResource( 2 )]
transform = Transform( 0.707107, 0, 0.707107, 0, 1, 0, -0.707107, 0, 0.707107, 12, 2, 12 )
spot_range = 100.0

[node name="lights2" type="Spatial" parent="."]
transform = Transform( 1, 0, 0, 0, 1, 0, 0, 0, 1, -51, 0, 0 )

[node name="SpotLight9" parent="lights2" instance=ExtResource( 2 )]
transform = Transform( -0.707107, 0, 0.707107, 0, 1, 0, -0.707107, 0, -0.707107, 12, 2, -12 )
spot_range = 100.0

[node name="SpotLight8" parent="lights2" instance=ExtResource( 2 )]
transform = Transform( -0.707107, 0, -0.707107, 0, 1, 0, 0.707107, 0, -0.707107, -12, 2, -12 )
spot_range = 100.0

[node name="SpotLight7" parent="lights2" instance=ExtResource( 2 )]
transform = Transform( 0.707107, 0, -0.707107, 0, 1, 0, 0.707107, 0, 0.707107, -12, 2, 12 )
spot_range = 100.0

[node name="SpotLight6" parent="lights2" instance=ExtResource( 2 )]
transform = Transform( 0.707107, 0, 0.707107, 0, 1, 0, -0.707107, 0, 0.707107, 12, 2, 12 )
spot_range = 100.0

[node name="NewFPS" parent="." instance=ExtResource( 3 )]
transform = Transform( 0.25, 0, 0, 0, 0.25, 0, 0, 0, 0.25, 0, 2.1848, 0 )

[node name="test Showcase" type="Spatial" parent="."]

[node name="Buildable Surface" parent="test Showcase" instance=ExtResource( 4 )]
transform = Transform( 2, 0, 0, 0, 1, 0, 0, 0, 2, 12, 2, -8 )

[node name="Non-Buildable Surface" parent="test Showcase" instance=ExtResource( 5 )]
transform = Transform( 1, 0, 0, 0, 1, 0, 0, 0, 1, 11, 0, -4 )

[node name="Fall-based Buildable Body" parent="test Showcase" instance=ExtResource( 7 )]
transform = Transform( 2, 0, 0, 0, 1, 0, 0, 0, 2, 12, 0, 3 )
collision_layer = 8
collision_mask = 2147483648

[node name="Lava" parent="test Showcase" instance=ExtResource( 6 )]
transform = Transform( 1, 0, 0, 0, 1, 0, 0, 0, 1, 11, 0, 9 )
