[gd_scene load_steps=4 format=2]

[ext_resource path="res://Materials/base levels/testing_mat.tres" type="Material" id=1]
[ext_resource path="res://Scenes/Levels/cosmetics/SpotLight6.tscn" type="PackedScene" id=2]
[ext_resource path="res://Scenes/Player/NewFPS.tscn" type="PackedScene" id=3]

[node name="testLevel" type="Spatial"]

[node name="CSGCombiner" type="CSGCombiner" parent="."]
use_collision = true

[node name="CSGBox" type="CSGBox" parent="CSGCombiner"]
width = 20.0
depth = 20.0
material = ExtResource( 1 )

[node name="CSGSphere" type="CSGSphere" parent="CSGCombiner"]
transform = Transform( 1, 0, 0, 0, 1, 0, 0, 0, 1, 13, 3, 0 )
material = ExtResource( 1 )

[node name="SpotLight6" parent="." instance=ExtResource( 2 )]
transform = Transform( 0.707107, 0, 0.707107, 0, 1, 0, -0.707107, 0, 0.707107, 12, 2, 12 )
spot_range = 100.0

[node name="SpotLight7" parent="." instance=ExtResource( 2 )]
transform = Transform( 0.707107, 0, -0.707107, 0, 1, 0, 0.707107, 0, 0.707107, -12, 2, 12 )
spot_range = 100.0

[node name="SpotLight8" parent="." instance=ExtResource( 2 )]
transform = Transform( -0.707107, 0, -0.707107, 0, 1, 0, 0.707107, 0, -0.707107, -12, 2, -12 )
spot_range = 100.0

[node name="SpotLight9" parent="." instance=ExtResource( 2 )]
transform = Transform( -0.707107, 0, 0.707107, 0, 1, 0, -0.707107, 0, -0.707107, 12, 2, -12 )
spot_range = 100.0

[node name="NewFPS" parent="." instance=ExtResource( 3 )]
transform = Transform( 0.25, 0, 0, 0, 0.25, 0, 0, 0, 0.25, 0, 3, 0 )
